31 28
10 10
310 280
140 210
2 2 2 2 2 2 2 2 2 2 2 2 2 2 2 2 2 2 2 2 2 2 2 2 2 2 2 2
2 1 1 1 1 1 1 1 1 1 1 1 1 2 2 1 1 1 1 1 1 1 1 1 1 1 1 2
2 1 2 2 2 2 1 2 2 2 2 2 1 2 2 1 2 2 2 2 2 1 2 2 2 2 1 2
2 1 2 0 0 2 1 2 0 0 0 2 1 2 2 1 2 0 0 0 2 1 2 0 0 2 1 2
2 1 2 2 2 2 1 2 2 2 2 2 1 2 2 1 2 2 2 2 2 1 2 2 2 2 1 2
2 1 1 1 1 1 1 1 1 1 1 1 1 1 1 1 1 1 1 1 1 1 1 1 1 1 1 2
2 1 2 2 2 2 1 2 2 1 2 2 2 2 2 2 2 2 1 2 2 1 2 2 2 2 1 2
2 1 2 2 2 2 1 2 2 1 2 2 2 2 2 2 2 2 1 2 2 1 2 2 2 2 1 2
2 1 1 1 1 1 1 2 2 1 1 1 1 2 2 1 1 1 1 2 2 1 1 1 1 1 1 2
2 2 2 2 2 2 1 2 2 2 2 2 0 2 2 0 2 2 2 2 2 1 2 2 2 2 2 2
0 0 0 0 0 2 1 2 2 0 0 0 0 0 0 0 0 0 0 2 2 1 2 0 0 0 0 0
0 0 0 0 0 2 1 2 2 0 2 2 2 0 0 2 2 2 0 2 2 1 2 0 0 0 0 0
0 0 0 0 0 2 1 2 2 0 2 0 0 0 0 0 0 2 0 2 2 1 2 0 0 0 0 0
2 2 2 2 2 2 1 2 2 0 2 0 0 0 0 0 0 2 0 2 2 1 2 2 2 2 2 2
2 2 2 2 2 2 1 0 0 0 2 0 0 0 0 0 0 2 0 0 0 1 2 2 2 2 2 2
2 2 2 2 2 2 1 2 2 0 2 0 0 0 0 0 0 2 0 2 2 1 2 2 2 2 2 2
0 0 0 0 0 2 1 2 2 0 2 0 0 0 0 0 0 2 0 2 2 1 2 0 0 0 0 0
0 0 0 0 0 2 1 2 2 0 2 2 2 2 2 2 2 2 0 2 2 1 2 0 0 0 0 0
0 0 0 0 0 2 1 2 2 0 0 0 0 0 0 0 0 0 0 2 2 1 2 0 0 0 0 0
2 2 2 2 2 2 1 2 2 0 2 2 2 2 2 2 2 2 0 2 2 1 2 2 2 2 2 2
2 1 1 1 1 1 1 1 1 1 1 1 1 2 2 1 1 1 1 1 1 1 1 1 1 1 1 2
2 1 2 2 2 2 1 2 2 2 2 2 1 2 2 1 2 2 2 2 2 1 2 2 2 2 1 2
2 1 2 2 2 2 1 2 2 2 2 2 1 2 2 1 2 2 2 2 2 1 2 2 2 2 1 2
2 1 1 1 2 2 1 1 1 1 1 1 1 0 0 1 1 1 1 1 1 1 2 2 1 1 1 2
2 2 2 1 2 2 1 2 2 1 2 2 2 2 2 2 2 2 1 2 2 1 2 2 1 2 2 2
2 2 2 1 2 2 1 2 2 1 2 2 2 2 2 2 2 2 1 2 2 1 2 2 1 2 2 2
2 1 1 1 1 1 1 2 2 1 1 1 1 2 2 1 1 1 1 2 2 1 1 1 1 1 1 2
2 1 2 2 2 2 2 2 2 2 2 2 1 2 2 1 2 2 2 2 2 2 2 2 2 2 1 2
2 1 2 2 2 2 2 2 2 2 2 2 1 2 2 1 2 2 2 2 2 2 2 2 2 2 1 2
2 1 1 1 1 1 1 1 1 1 1 1 1 1 1 1 1 1 1 1 1 1 1 1 1 1 1 2
2 2 2 2 2 2 2 2 2 2 2 2 2 2 2 2 2 2 2 2 2 2 2 2 2 2 2 2